Webots Project File version R2020a
perspectives: 000000ff00000000fd000000030000000000000226000003d5fc0100000002fb0000001e00480074006d006c0052006f0062006f007400570069006e0064006f00770000000000000002260000000000000000fb0000001a0044006f00630075006d0065006e0074006100740069006f006e0000000000ffffffff0000006900ffffff00000001000000750000031cfc0200000001fb0000001400540065007800740045006400690074006f007201000000160000031c0000003f00ffffff000000030000073d000000b7fc0100000001fb0000000e0043006f006e0073006f006c006501000000000000073d0000006900ffffff000006c60000031c00000001000000020000000100000008fc00000000
simulationViewPerspectives: 000000ff0000000100000002000000000000064b0100000002010000000100
sceneTreePerspectives: 000000ff0000000100000002000000c0000000fa0100000002010000000200
maximizedDockId: -1
centralWidgetVisible: 1
selectionDisabled: 0
viewpointLocked: 0
orthographicViewHeight: 1
textFiles: -1
renderingDevicePerspectives: texnoman:kinect color;1;0.261719;0;0
renderingDevicePerspectives: texnoman:kinect range;1;0.25;0;0.432564
